1	1.967386
2	2.788647
3	2.439456
4	2.910150
5	2.977256
6	3.370969
7	3.472058
8	4.385761
9	3.946505
10	3.834693
3600	6.624757
20	6.056081
3100	6.880874
30	6.000242
7200	6.147453
2600	6.923408
560	6.960327
50	6.026003
2100	6.593138
6200	6.343216
60	6.319552
1600	6.585954
70	7.262858
1100	6.480240
5200	6.487777
3000	6.945509
90	6.815065
8800	6.428154
100	8.305528
4200	6.628166
620	6.302476
110	6.872504
3700	6.731490
120	6.569729
3200	6.666471
130	6.703668
140	7.499588
6800	6.514859
150	7.170616
2200	6.717813
160	7.012953
1700	7.241153
5800	6.637521
170	6.873222
1200	6.436815
180	7.027936
190	6.995074
4800	6.597295
200	7.039960
8400	6.484396
7800	6.441849
3800	6.914834
3300	6.789204
7400	6.474093
2800	6.673599
40	6.879163
2300	6.726739
6400	6.480876
260	6.948844
1800	6.689504
1300	6.742600
5400	6.751302
800	6.914818
4400	6.677263
3900	6.603466
320	6.392816
3400	6.595344
2700	6.762356
2900	6.970961
7000	6.443482
740	6.982262
860	6.903936
2400	6.679998
1900	6.837382
6000	6.463055
1400	6.676310
380	7.144265
9600	6.675143
8000	6.340980
5000	6.494785
920	6.302930
4000	6.840851
3500	6.706623
7600	6.821342
440	7.392352
2500	6.798491
6600	6.383997
2000	6.930189
980	7.013060
1500	7.064195
5600	6.328722
80	7.377094
1000	6.706035
9200	6.510464
680	6.785413
500	6.658052
4600	6.995568
