1	1.844856
2	2.283614
3	2.557100
4	2.869223
5	2.975219
6	3.381635
7	3.556039
8	3.889554
9	3.577619
10	4.137173
3600	8.478352
20	5.785844
3100	8.839575
30	6.846743
7200	9.295260
2600	9.695382
560	11.392838
50	8.079464
2100	9.976275
6200	9.171836
60	7.756036
1600	11.589003
70	8.597574
1100	11.902832
5200	8.414924
3000	8.540139
90	9.296566
8800	9.531720
100	9.742710
4200	9.518126
620	12.259422
110	9.761484
3700	8.753643
120	10.142868
3200	8.552332
130	9.829268
140	10.491682
6800	8.834917
150	9.551758
2200	9.984238
160	9.694017
1700	11.811579
5800	8.738163
170	9.636174
1200	11.919533
180	10.013870
190	10.487883
4800	8.636899
200	10.246638
8400	8.957274
7800	8.948485
3800	8.730682
3300	8.386592
7400	9.010034
2800	8.990796
40	7.484870
2300	10.453626
6400	8.858017
260	10.572695
1800	10.969097
1300	11.972610
5400	8.713024
800	11.785990
4400	8.254423
3900	8.544867
320	10.476059
3400	8.441282
2700	9.330137
2900	8.729050
7000	8.804859
740	11.742962
860	11.649216
2400	9.687838
1900	10.856639
6000	8.384813
1400	11.820403
380	10.916568
9600	9.278445
8000	9.105389
5000	8.857502
920	11.474327
4000	8.323167
3500	8.466659
7600	8.814513
440	11.364093
2500	9.475986
6600	9.092973
2000	10.487949
980	11.730262
1500	11.145212
5600	5.721440
80	9.480801
1000	10.822967
9200	7.678528
680	11.633452
500	10.968903
4600	8.841670
