1	1.190286
2	1.399614
3	1.580052
4	1.451256
5	1.524690
6	1.634625
7	1.490897
8	1.477754
9	1.446026
10	1.554247
3600	1.629850
20	1.537239
3100	1.634726
30	1.521079
7200	1.641828
2600	1.634527
560	1.615681
50	1.565237
2100	1.621300
6200	1.655155
60	1.588971
1600	1.623646
70	1.574505
1100	1.629167
5200	1.679386
3000	1.630503
90	1.580133
8800	1.643356
100	1.575050
4200	1.642870
620	1.606780
110	1.619225
3700	1.663320
120	1.615081
3200	1.634551
130	1.591244
140	1.637813
6800	1.581297
150	1.663639
2200	1.626329
160	1.598384
1700	1.631132
5800	1.666203
170	1.602377
1200	1.617099
180	1.586569
190	1.629637
4800	1.654999
200	1.684861
8400	1.627043
7800	1.619930
3800	1.628546
3300	1.633409
7400	1.618596
2800	1.632865
40	1.572325
2300	1.625639
6400	1.676485
260	1.630227
1800	1.627183
1300	1.572177
5400	1.665621
800	1.650443
4400	1.643018
3900	1.758519
320	1.581605
3400	1.633614
2700	1.630136
2900	1.631165
7000	1.664308
740	1.598743
860	1.624860
2400	1.641038
1900	1.627049
6000	1.662806
1400	1.661202
380	1.598529
9600	1.709726
8000	1.636930
5000	1.598745
920	1.596144
4000	1.612053
3500	1.635961
7600	1.675256
440	1.621195
2500	1.608023
6600	1.660761
2000	1.627189
980	1.628123
1500	1.633038
5600	1.618791
80	1.635909
1000	1.601426
9200	1.644976
680	1.591808
500	1.606370
4600	1.644922
