1	2.151032
2	2.183690
3	2.154294
4	3.158239
5	2.751944
6	3.184782
7	2.903001
8	3.652837
9	3.324756
10	3.522384
3600	4.316618
20	4.383118
3100	4.573865
30	4.912027
7200	4.258469
2600	5.679686
560	4.501835
50	4.555435
2100	4.557227
6200	4.229426
60	4.916644
1600	4.536717
70	4.771518
1100	4.347652
5200	4.261133
3000	5.185025
90	5.182363
8800	4.244893
100	4.997590
4200	4.300891
620	4.476527
110	4.951487
3700	4.396234
120	4.983558
3200	4.564314
130	4.987326
140	4.919021
6800	6.003647
150	4.927471
2200	4.153998
160	4.613603
1700	4.356852
5800	4.254565
170	4.798677
1200	4.552196
180	4.970049
190	4.856685
4800	4.694264
200	4.500405
8400	4.284323
7800	4.234012
3800	4.999622
3300	4.446565
7400	4.218470
2800	5.235007
40	5.303940
2300	4.581553
6400	4.276165
260	4.609485
1800	6.306415
1300	4.620591
5400	4.214767
800	4.454452
4400	4.542766
3900	4.252937
320	4.601242
3400	4.231924
2700	5.026406
2900	6.022983
7000	4.163973
740	4.481665
860	4.646016
2400	7.042511
1900	3.958458
6000	4.240368
1400	4.499730
380	4.626272
9600	4.210719
8000	4.313154
5000	4.243379
920	4.335160
4000	4.580137
3500	4.431729
7600	4.220823
440	4.572711
2500	6.269352
6600	6.092052
2000	4.364971
980	5.162338
1500	4.590418
5600	4.233403
80	5.109902
1000	4.392092
9200	4.198127
680	4.322215
500	4.246903
4600	4.125803
