1	1.709381
2	2.706830
3	3.159781
4	3.613600
5	2.977569
6	3.561222
7	3.561788
8	4.042743
9	3.929414
10	4.593904
3600	8.552738
20	6.602905
3100	9.004140
30	6.997359
7200	9.027551
2600	9.953608
560	11.801834
50	9.188851
2100	10.071177
6200	8.970265
60	8.801595
1600	15.399781
70	9.316449
1100	12.018566
5200	8.825238
3000	9.102306
90	10.028181
8800	9.020463
100	10.158053
4200	9.194173
620	11.884623
110	10.533175
3700	8.580742
120	10.247527
3200	8.769050
130	10.430108
140	11.141203
6800	11.926989
150	9.888079
2200	10.156193
160	9.815955
1700	12.240939
5800	8.836542
170	9.909336
1200	10.749329
180	11.077359
190	10.186578
4800	8.787820
200	10.580202
8400	9.145544
7800	9.101506
3800	9.051967
3300	8.630744
7400	9.030489
2800	11.780498
40	8.403148
2300	10.000603
6400	7.397290
260	10.754562
1800	12.098690
1300	14.851402
5400	8.741881
800	11.586451
4400	8.635000
3900	8.474533
320	11.328784
3400	8.646385
2700	8.949528
2900	9.829312
7000	9.011241
740	11.935042
860	12.004895
2400	9.716586
1900	11.754885
6000	8.924934
1400	12.414620
380	11.501856
9600	9.213999
8000	9.108048
5000	8.773513
920	12.076613
4000	8.519853
3500	8.560472
7600	9.074714
440	11.492854
2500	12.580409
6600	11.021720
2000	10.238911
980	12.007628
1500	11.401630
5600	5.565123
80	9.501794
1000	12.678718
9200	7.728825
680	12.129495
500	11.310517
4600	8.159013
