1	1.176956
2	1.539034
3	1.672686
4	1.595210
5	1.474626
6	1.573571
7	1.614582
8	1.640924
9	1.510276
10	1.593582
3600	1.600212
20	1.624683
3100	1.407477
30	1.574569
7200	1.586867
2600	1.726471
560	1.580847
50	1.573154
2100	1.575894
6200	1.658232
60	1.560768
1600	1.722117
70	1.524633
1100	1.628149
5200	1.585537
3000	1.648701
90	1.549689
8800	1.581256
100	1.567930
4200	1.601196
620	1.581327
110	1.521179
3700	1.595832
120	1.633349
3200	1.609057
130	1.574313
140	1.640660
6800	1.810186
150	1.638893
2200	1.589041
160	1.601526
1700	1.588613
5800	1.597796
170	1.555199
1200	1.433605
180	1.568666
190	1.603359
4800	1.558810
200	1.574647
8400	1.580877
7800	1.576170
3800	1.635434
3300	1.576493
7400	1.577965
2800	1.684660
40	1.528515
2300	1.822821
6400	1.933531
260	1.616882
1800	1.553012
1300	1.225551
5400	1.586672
800	1.533680
4400	1.591134
3900	1.469608
320	1.582524
3400	1.574943
2700	1.700981
2900	1.796081
7000	1.567312
740	1.569537
860	1.588673
2400	1.584869
1900	1.476964
6000	1.586921
1400	1.614697
380	1.598057
9600	1.585980
8000	1.586407
5000	1.553967
920	1.557392
4000	1.578254
3500	1.615163
7600	1.583852
440	1.587762
2500	1.521760
6600	1.779078
2000	1.587730
980	1.553228
1500	1.587760
5600	1.595976
80	1.583773
1000	1.538089
9200	1.577311
680	1.589117
500	1.591705
4600	1.553123
