1	3.117008
2	2.380858
3	3.180090
4	3.621350
5	3.274968
6	3.298342
7	2.982576
8	3.319046
9	3.711103
10	2.683545
3600	4.269460
20	4.844358
3100	4.349400
30	4.737021
7200	4.184175
2600	4.283167
560	4.428394
50	4.962064
2100	4.458525
6200	4.223481
60	4.880993
1600	4.294275
70	4.832506
1100	4.134659
5200	4.238026
3000	4.423572
90	4.733277
8800	4.250429
100	4.815051
4200	4.189944
620	4.174207
110	4.342596
3700	4.320346
120	4.924168
3200	4.372552
130	4.892907
140	4.868253
6800	4.208766
150	4.635052
2200	4.264780
160	4.773568
1700	4.235520
5800	4.191802
170	4.537554
1200	4.328691
180	4.560052
190	4.536581
4800	4.247765
200	4.624186
8400	4.259044
7800	4.195524
3800	4.217435
3300	4.279517
7400	4.222786
2800	4.462488
40	5.680654
2300	4.338375
6400	4.145088
260	4.451098
1800	4.217402
1300	4.450419
5400	4.066918
800	4.444478
4400	4.239681
3900	4.209415
320	4.488160
3400	4.431273
2700	4.502688
2900	4.337310
7000	4.214470
740	4.213272
860	4.223480
2400	4.406682
1900	4.307286
6000	4.195947
1400	4.373738
380	4.443051
9600	4.217267
8000	4.236607
5000	4.168263
920	4.516706
4000	4.343259
3500	4.303385
7600	4.238376
440	4.405074
2500	4.339226
6600	4.168806
2000	4.392592
980	4.332142
1500	4.332828
5600	4.219858
80	4.622558
1000	4.522782
9200	4.230060
680	4.226312
500	4.410995
4600	4.215168
