1	1.986394
2	2.946352
3	2.601722
4	3.436536
5	3.705234
6	3.899742
7	4.379315
8	3.836332
9	3.748328
10	4.619610
3600	8.570781
20	6.937449
3100	8.961500
30	7.637123
7200	9.020533
2600	9.746725
560	11.883778
50	8.619560
2100	10.103040
6200	8.938706
60	9.187699
1600	11.846458
70	9.382917
1100	12.100480
5200	8.787630
3000	8.717341
90	9.841343
8800	9.152563
100	9.892063
4200	8.717859
620	11.779862
110	10.026678
3700	8.638847
120	10.341248
3200	8.755066
130	10.548652
140	10.579585
6800	9.037574
150	9.926625
2200	10.116955
160	10.322557
1700	11.540668
5800	8.877304
170	10.118633
1200	12.088714
180	10.329666
190	10.462712
4800	8.711519
200	10.261537
8400	9.129224
7800	9.091644
3800	8.542283
3300	8.590807
7400	9.061655
2800	9.064675
40	7.887032
2300	10.010704
6400	9.015538
260	10.118080
1800	11.017680
1300	12.167420
5400	8.791289
800	11.979867
4400	8.644817
3900	8.549150
320	11.094002
3400	8.515807
2700	9.354073
2900	8.931071
7000	8.983843
740	11.901151
860	12.017040
2400	9.846175
1900	11.002251
6000	8.927110
1400	12.007169
380	11.287526
9600	9.164413
8000	9.133359
5000	8.762063
920	12.009088
4000	8.618484
3500	8.549841
7600	9.074770
440	11.625441
2500	9.505500
6600	8.638615
2000	10.621720
980	12.037652
1500	11.880595
5600	5.083560
80	9.721501
1000	12.109968
9200	7.969021
680	11.812108
500	11.473893
4600	8.195865
