1	1.212333
2	1.458578
3	1.572455
4	1.494161
5	1.525459
6	1.469276
7	1.436437
8	1.432234
9	1.440869
10	1.514526
3600	1.542823
20	1.468632
3100	1.540889
30	1.480384
7200	1.539787
2600	1.542304
560	1.541065
50	1.493608
2100	1.543562
6200	1.542079
60	1.504720
1600	1.543029
70	1.511552
1100	1.545255
5200	1.543664
3000	1.544052
90	1.530010
8800	1.546481
100	1.529875
4200	1.544590
620	1.532979
110	1.511604
3700	1.543807
120	1.529526
3200	1.548350
130	1.536418
140	1.500116
6800	1.543711
150	1.504653
2200	1.549535
160	1.511613
1700	1.545857
5800	1.543213
170	1.517551
1200	1.541756
180	1.538582
190	1.525474
4800	1.546202
200	1.540107
8400	1.541319
7800	1.543946
3800	1.541672
3300	1.543039
7400	1.545076
2800	1.542112
40	1.515298
2300	1.544991
6400	1.548933
260	1.529729
1800	1.544547
1300	1.540938
5400	1.541009
800	1.540018
4400	1.542928
3900	1.542207
320	1.525387
3400	1.543940
2700	1.539656
2900	1.542911
7000	1.542704
740	1.547679
860	1.539597
2400	1.543827
1900	1.542295
6000	1.541837
1400	1.542209
380	1.532033
9600	1.544298
8000	1.541648
5000	1.546316
920	1.544341
4000	1.541577
3500	1.541824
7600	1.543430
440	1.534782
2500	1.547152
6600	1.542802
2000	1.538805
980	1.538407
1500	1.543868
5600	1.540019
80	1.521622
1000	1.537307
9200	1.545064
680	1.536468
500	1.539804
4600	1.542882
