1	2.219046
2	2.411745
3	1.954705
4	3.011960
5	2.315810
6	2.316731
7	2.696633
8	2.671108
9	2.662758
10	2.608701
3600	3.574482
20	3.430588
3100	3.660965
30	3.742304
7200	3.402745
2600	3.624728
560	3.389128
50	3.474803
2100	3.541387
6200	3.474501
60	3.601932
1600	3.563594
70	3.888074
1100	3.678468
5200	3.464843
3000	3.627567
90	3.826197
8800	3.454234
100	3.931898
4200	3.533306
620	3.402060
110	3.822817
3700	3.524309
120	3.834826
3200	3.603749
130	3.885170
140	3.986543
6800	3.438691
150	3.805987
2200	3.596463
160	3.949894
1700	3.671355
5800	3.434224
170	3.800780
1200	3.456253
180	3.767358
190	3.821005
4800	3.489752
200	3.794208
8400	3.518079
7800	3.444891
3800	3.497032
3300	3.614622
7400	3.453316
2800	3.539480
40	3.839376
2300	3.528508
6400	3.472850
260	3.825563
1800	3.615044
1300	3.452540
5400	3.464707
800	3.464458
4400	3.466847
3900	3.543354
320	3.704796
3400	3.712406
2700	3.601648
2900	3.590318
7000	3.431573
740	3.506606
860	3.483295
2400	3.675181
1900	3.607122
6000	3.511190
1400	3.736487
380	3.701448
9600	3.464136
8000	3.442868
5000	3.510091
920	3.519385
4000	3.498758
3500	3.592049
7600	3.473267
440	3.618056
2500	3.583481
6600	3.499751
2000	3.569263
980	3.630750
1500	3.619989
5600	3.458087
80	3.986862
1000	3.790257
9200	3.496536
680	3.393477
500	3.625603
4600	3.425126
