1	1.553432
2	2.062229
3	2.061570
4	2.553769
5	2.411109
6	2.889631
7	3.205045
8	3.517178
9	2.199983
10	3.495146
3600	6.564935
20	4.681891
3100	6.820861
30	6.025422
7200	6.850974
2600	7.380208
560	8.897240
50	6.512778
2100	7.684408
6200	6.761618
60	7.001545
1600	8.995771
70	7.217959
1100	9.201198
5200	6.710120
3000	6.581674
90	7.425959
8800	6.977449
100	7.852394
4200	6.585238
620	9.028549
110	7.775154
3700	6.608893
120	7.739737
3200	6.681960
130	7.572626
140	7.930677
6800	6.881985
150	7.411109
2200	7.717922
160	7.607645
1700	8.789146
5800	6.759175
170	7.109128
1200	9.250399
180	7.685584
190	8.102784
4800	6.660497
200	7.806492
8400	6.955285
7800	6.919408
3800	6.522446
3300	6.535596
7400	6.891343
2800	6.955579
40	6.169028
2300	7.543023
6400	6.848667
260	7.877066
1800	8.445283
1300	9.289378
5400	6.706144
800	9.054079
4400	6.577297
3900	6.514530
320	8.447484
3400	6.494981
2700	7.163590
2900	6.790705
7000	6.858885
740	9.077350
860	9.109894
2400	7.446208
1900	8.370438
6000	6.819914
1400	9.108118
380	8.703227
9600	6.981916
8000	6.944450
5000	6.691310
920	9.146452
4000	6.513570
3500	6.523557
7600	6.895601
440	8.607732
2500	7.297652
6600	6.572121
2000	8.009837
980	9.115387
1500	8.886379
5600	4.058422
80	7.476784
1000	9.138460
9200	5.982902
680	9.031510
500	8.607694
4600	6.331215
