1	1.654525
2	1.434550
3	1.730116
4	1.449981
5	1.449111
6	1.495990
7	1.400678
8	1.408797
9	1.517588
10	1.435886
3600	1.478400
20	1.453929
3100	1.480143
30	1.423158
7200	1.478311
2600	1.482055
560	1.479102
50	1.436856
2100	1.476027
6200	1.476601
60	1.430283
1600	1.480606
70	1.494781
1100	1.480387
5200	1.474980
3000	1.479287
90	1.457457
8800	1.478699
100	1.459476
4200	1.477453
620	1.475291
110	1.445430
3700	1.478477
120	1.456716
3200	1.485549
130	1.470375
140	1.453609
6800	1.480181
150	1.436410
2200	1.479811
160	1.455411
1700	1.482822
5800	1.477118
170	1.473264
1200	1.481464
180	1.461273
190	1.455660
4800	1.480264
200	1.467147
8400	1.477081
7800	1.476809
3800	1.476057
3300	1.476707
7400	1.476188
2800	1.480138
40	1.433374
2300	1.482143
6400	1.477692
260	1.465053
1800	1.478659
1300	1.484602
5400	1.474947
800	1.483983
4400	1.478318
3900	1.480631
320	1.472942
3400	1.478901
2700	1.479562
2900	1.479767
7000	1.475768
740	1.482701
860	1.480353
2400	1.480836
1900	1.480773
6000	1.473430
1400	1.475951
380	1.481874
9600	1.478719
8000	1.481109
5000	1.480624
920	1.480088
4000	1.476099
3500	1.479954
7600	1.478148
440	1.478544
2500	1.481774
6600	1.479665
2000	1.479940
980	1.480199
1500	1.479615
5600	1.476418
80	1.449456
1000	1.479828
9200	1.476361
680	1.478615
500	1.473749
4600	1.478183
