1	2.500987
2	2.370464
3	2.238224
4	2.928697
5	2.971840
6	3.191502
7	2.978521
8	3.796889
9	3.627781
10	3.943552
3600	4.269485
20	4.994262
3100	4.283837
30	4.949892
7200	4.232923
2600	4.220739
560	4.552781
50	5.070820
2100	4.353550
6200	4.333092
60	4.278695
1600	4.324117
70	4.638683
1100	4.267956
5200	4.585528
3000	4.447663
90	4.724037
8800	4.203964
100	4.307711
4200	4.505408
620	4.377712
110	4.808043
3700	4.373663
120	4.345783
3200	4.390745
130	4.777312
140	4.871975
6800	4.207531
150	4.784073
2200	4.332407
160	4.739227
1700	4.380838
5800	4.106786
170	4.225089
1200	4.513901
180	4.596626
190	4.442743
4800	4.218955
200	4.631027
8400	4.186154
7800	4.199872
3800	4.628452
3300	4.290431
7400	4.214031
2800	4.296067
40	5.680244
2300	4.565378
6400	4.426180
260	4.559210
1800	4.458744
1300	4.452166
5400	4.202241
800	4.286442
4400	3.886731
3900	4.337759
320	4.590453
3400	4.303216
2700	4.381100
2900	4.232370
7000	4.231970
740	4.232797
860	4.574766
2400	4.347343
1900	4.290307
6000	4.048505
1400	4.467797
380	4.334230
9600	4.199143
8000	4.255196
5000	4.188293
920	4.239847
4000	4.565491
3500	4.398914
7600	4.188198
440	4.481980
2500	4.330557
6600	4.231533
2000	4.333812
980	4.315956
1500	4.358549
5600	6.009666
80	4.742206
1000	4.411276
9200	4.232246
680	4.270212
500	4.544118
4600	4.299130
