1	2.024360
2	2.398826
3	2.588303
4	2.905780
5	3.423329
6	3.452076
7	3.814281
8	3.830744
9	3.632747
10	5.142754
3600	8.672016
20	5.232009
3100	8.954503
30	7.644920
7200	9.094740
2600	9.814139
560	11.657167
50	9.059392
2100	9.936027
6200	8.580787
60	9.271926
1600	11.731496
70	9.853590
1100	12.050435
5200	8.765127
3000	8.682583
90	9.657638
8800	9.201496
100	10.215080
4200	8.385326
620	11.412315
110	10.306706
3700	8.629023
120	10.302262
3200	8.535983
130	10.208484
140	11.415600
6800	9.187314
150	10.015587
2200	10.099626
160	9.847516
1700	11.600149
5800	9.091741
170	10.222228
1200	12.200798
180	10.140107
190	10.290176
4800	8.750722
200	10.479741
8400	9.182593
7800	9.143981
3800	9.761898
3300	8.437409
7400	9.063309
2800	9.778325
40	8.200214
2300	9.726088
6400	8.818954
260	10.827270
1800	11.191950
1300	12.066361
5400	8.806036
800	11.951594
4400	8.208278
3900	8.621115
320	10.794844
3400	8.661218
2700	9.478952
2900	8.922018
7000	8.985815
740	11.964903
860	12.480235
2400	9.759123
1900	10.977937
6000	8.936077
1400	12.087835
380	11.351679
9600	9.192301
8000	9.119489
5000	8.736847
920	11.597696
4000	8.585468
3500	8.565880
7600	9.099713
440	11.500008
2500	9.315355
6600	8.590384
2000	10.412876
980	12.121651
1500	12.041350
5600	5.677921
80	9.738755
1000	12.050510
9200	7.691496
680	11.623935
500	11.591283
4600	8.652507
