1	1.237153
2	1.459161
3	1.588398
4	1.556825
5	1.610736
6	1.480725
7	1.444026
8	1.489785
9	1.482856
10	1.467915
3600	1.547229
20	2.106838
3100	1.548918
30	1.481739
7200	1.553197
2600	1.541936
560	1.542612
50	1.297248
2100	1.537439
6200	1.520748
60	1.519460
1600	1.543064
70	1.491776
1100	1.538741
5200	1.499583
3000	1.543152
90	1.499493
8800	1.541387
100	1.549158
4200	1.556939
620	1.543478
110	1.490405
3700	1.534030
120	1.677924
3200	1.541029
130	1.520215
140	1.525524
6800	1.523412
150	1.532174
2200	1.546750
160	1.514385
1700	1.545644
5800	1.535619
170	1.525680
1200	1.541981
180	1.523812
190	1.530859
4800	1.545595
200	1.520307
8400	1.542314
7800	1.540792
3800	1.523496
3300	1.530878
7400	1.548380
2800	1.524966
40	1.499852
2300	1.546673
6400	1.552559
260	1.523477
1800	1.543444
1300	1.543891
5400	1.583214
800	1.543340
4400	1.566689
3900	1.396738
320	1.529039
3400	1.543088
2700	1.539799
2900	1.533939
7000	1.536361
740	1.539871
860	1.539080
2400	1.535563
1900	1.545746
6000	1.553423
1400	1.543765
380	1.540807
9600	1.548502
8000	1.550702
5000	1.539735
920	1.508256
4000	1.545712
3500	1.548691
7600	1.538865
440	1.541901
2500	1.559807
6600	1.543571
2000	1.549034
980	1.527820
1500	1.516288
5600	1.552186
80	1.512397
1000	1.532274
9200	1.545098
680	1.538826
500	1.534052
4600	1.548368
