1	2.029988
2	2.573967
3	2.173397
4	3.185928
5	3.011855
6	3.412341
7	3.470674
8	3.754585
9	3.920843
10	3.770060
3600	6.802130
20	5.857108
3100	6.672433
30	6.122730
7200	6.421955
2600	6.706283
560	6.769666
50	6.187787
2100	6.879181
6200	6.654612
60	6.666553
1600	6.644813
70	6.436413
1100	6.940575
5200	6.492256
3000	6.714410
90	6.913320
8800	6.592435
100	6.601703
4200	6.626713
620	6.412832
110	6.656992
3700	6.569937
120	6.575575
3200	6.657236
130	6.882076
140	6.928109
6800	6.397379
150	6.924062
2200	6.544568
160	6.816371
1700	6.992085
5800	6.448260
170	6.728424
1200	6.366723
180	7.003462
190	6.936847
4800	6.344285
200	7.110473
8400	6.452126
7800	6.582376
3800	6.630488
3300	6.735261
7400	6.496921
2800	6.711759
40	6.889163
2300	6.653455
6400	6.473822
260	6.991845
1800	7.032200
1300	6.687171
5400	6.340753
800	6.686402
4400	6.573107
3900	6.600866
320	6.804113
3400	6.749615
2700	6.919232
2900	6.675417
7000	6.585195
740	6.491376
860	6.785489
2400	6.649156
1900	6.607699
6000	6.581768
1400	6.541633
380	6.642173
9600	6.549458
8000	6.603969
5000	6.566076
920	6.906416
4000	6.566246
3500	6.683578
7600	6.386389
440	6.521601
2500	6.935186
6600	6.613313
2000	6.614343
980	6.811217
1500	6.755568
5600	6.438433
80	6.838685
1000	6.669560
9200	6.628912
680	6.251664
500	6.494040
4600	6.347579
