1	1.840098
2	2.283276
3	2.601982
4	3.340498
5	3.071359
6	3.389785
7	4.234560
8	3.621649
9	3.582330
10	4.174290
3600	8.491293
20	5.776741
3100	8.794329
30	7.224284
7200	8.863500
2600	9.703081
560	11.600921
50	8.048769
2100	9.935133
6200	8.836939
60	8.760668
1600	11.603670
70	9.471377
1100	11.909317
5200	8.648002
3000	8.512116
90	9.660007
8800	8.974284
100	9.571955
4200	8.542875
620	11.060168
110	9.850367
3700	8.559801
120	9.841752
3200	8.573424
130	9.922649
140	10.369905
6800	8.945190
150	9.550858
2200	9.991564
160	9.760770
1700	11.171753
5800	8.739071
170	9.661083
1200	11.952762
180	10.012940
190	10.280091
4800	8.597978
200	10.300473
8400	9.038150
7800	8.950332
3800	8.516144
3300	8.459423
7400	8.883081
2800	8.895336
40	7.824029
2300	9.822680
6400	8.859723
260	10.487110
1800	11.037699
1300	11.687452
5400	8.709010
800	11.737135
4400	8.529606
3900	8.434597
320	10.884100
3400	8.382703
2700	9.240729
2900	8.765005
7000	8.899334
740	11.608031
860	11.750182
2400	9.590410
1900	10.697849
6000	8.783027
1400	11.801590
380	11.211110
9600	9.012195
8000	8.946984
5000	8.616801
920	11.471806
4000	8.440825
3500	8.415766
7600	8.942040
440	11.248908
2500	9.399231
6600	8.510966
2000	10.355404
980	11.541572
1500	11.716443
5600	5.835092
80	9.452458
1000	11.892945
9200	7.913235
680	11.662014
500	11.354200
4600	8.263268
