1	1.140882
2	1.401624
3	1.562607
4	1.609852
5	1.532908
6	1.545927
7	1.483098
8	1.354039
9	1.466857
10	1.539622
3600	1.630001
20	1.563213
3100	1.630889
30	1.586015
7200	1.638260
2600	1.631660
560	1.612540
50	1.579380
2100	1.628130
6200	1.634011
60	1.589459
1600	1.624609
70	1.602766
1100	1.620692
5200	1.636791
3000	1.628860
90	1.584663
8800	1.642156
100	1.611552
4200	1.636169
620	1.608491
110	1.592353
3700	1.632733
120	1.597569
3200	1.634066
130	1.602910
140	1.592153
6800	1.642048
150	1.603565
2200	1.630610
160	1.618846
1700	1.626538
5800	1.632436
170	1.616529
1200	1.622956
180	1.612461
190	1.692331
4800	1.633983
200	1.614698
8400	1.639702
7800	1.638577
3800	1.631345
3300	1.632578
7400	1.639320
2800	1.630769
40	1.562189
2300	1.628828
6400	1.641156
260	1.625041
1800	1.630553
1300	1.623580
5400	1.637123
800	1.615605
4400	1.634086
3900	1.631540
320	1.614279
3400	1.634374
2700	1.629250
2900	1.628620
7000	1.632171
740	1.621455
860	1.620308
2400	1.630872
1900	1.629826
6000	1.633527
1400	1.623998
380	1.614462
9600	1.638820
8000	1.642116
5000	1.639299
920	1.617145
4000	1.631124
3500	1.632720
7600	1.638081
440	1.612945
2500	1.631139
6600	1.638500
2000	1.627289
980	1.618430
1500	1.626433
5600	1.633629
80	1.556732
1000	1.619945
9200	1.640827
680	1.614635
500	1.610077
4600	1.632632
