1	2.300943
2	2.186674
3	1.790208
4	2.298407
5	2.364593
6	2.348813
7	2.396157
8	2.747387
9	2.750810
10	2.748202
3600	3.529905
20	3.448181
3100	3.407355
30	3.732132
7200	3.357301
2600	3.499836
560	3.451317
50	3.554910
2100	3.438423
6200	3.263591
60	3.814556
1600	3.383795
70	3.492595
1100	3.403992
5200	3.327789
3000	3.549122
90	3.537998
8800	3.346580
100	3.659315
4200	3.363801
620	3.377297
110	3.227523
3700	3.407525
120	3.690844
3200	3.523693
130	3.544155
140	3.637463
6800	3.320942
150	3.685864
2200	3.497156
160	3.648056
1700	3.571870
5800	3.360248
170	3.605526
1200	3.431713
180	3.688017
190	3.763177
4800	3.379344
200	3.453291
8400	3.312554
7800	3.319387
3800	3.357842
3300	3.506480
7400	3.353180
2800	3.483729
40	3.804012
2300	3.597604
6400	3.367152
260	3.531816
1800	3.553207
1300	3.620180
5400	3.335558
800	3.500786
4400	3.348119
3900	3.301386
320	3.574815
3400	3.596408
2700	3.508872
2900	3.445828
7000	3.357263
740	3.445469
860	3.578119
2400	3.505765
1900	3.633497
6000	3.378096
1400	3.502542
380	3.583735
9600	3.354750
8000	3.365268
5000	3.279691
920	3.634199
4000	3.431439
3500	3.568293
7600	3.349521
440	3.743845
2500	3.495390
6600	3.379053
2000	3.644651
980	3.516451
1500	3.454474
5600	3.354350
80	3.734145
1000	3.616681
9200	3.324553
680	3.466207
500	3.360045
4600	3.264051
