1	1.603528
2	1.945168
3	2.206620
4	2.468597
5	2.603561
6	2.874452
7	2.898700
8	2.882477
9	2.859298
10	3.488734
3600	6.369967
20	4.689080
3100	6.556442
30	5.414341
7200	6.690500
2600	7.158940
560	8.613886
50	6.243097
2100	7.475982
6200	6.602081
60	6.407150
1600	8.507995
70	6.793222
1100	8.694682
5200	6.477175
3000	6.353958
90	7.128983
8800	6.730242
100	7.233781
4200	6.377170
620	8.577436
110	7.546428
3700	6.318259
120	7.983707
3200	6.474986
130	7.186229
140	7.632010
6800	6.684483
150	7.253346
2200	7.403918
160	7.282069
1700	8.484335
5800	6.523807
170	7.474412
1200	8.957431
180	7.574131
190	7.552945
4800	6.461865
200	7.543437
8400	6.717694
7800	6.702550
3800	6.307465
3300	6.375528
7400	6.659599
2800	6.670907
40	5.858200
2300	7.363504
6400	6.637936
260	7.847754
1800	8.187436
1300	8.977835
5400	6.512118
800	8.745013
4400	6.356575
3900	6.323494
320	8.062008
3400	6.337307
2700	6.991977
2900	6.548444
7000	6.686754
740	8.447750
860	8.805811
2400	7.227343
1900	7.899396
6000	6.581343
1400	8.874953
380	8.200859
9600	6.756174
8000	6.710893
5000	6.434839
920	8.880819
4000	6.313703
3500	6.278051
7600	6.671652
440	8.384716
2500	6.922707
6600	6.369742
2000	7.840812
980	8.843526
1500	8.858368
5600	4.370810
80	6.949652
1000	8.853611
9200	5.761135
680	8.455959
500	8.428690
4600	6.179140
