1	1.192319
2	1.398931
3	1.503856
4	1.435568
5	1.443646
6	1.398232
7	1.372882
8	1.390057
9	1.388856
10	1.413514
3600	1.431780
20	1.373386
3100	1.434636
30	1.378671
7200	1.437924
2600	1.435322
560	1.428178
50	1.389198
2100	1.432559
6200	1.436689
60	1.403178
1600	1.431598
70	1.412898
1100	1.429348
5200	1.434411
3000	1.431948
90	1.399439
8800	1.434986
100	1.400176
4200	1.434822
620	1.424649
110	1.411110
3700	1.432101
120	1.417833
3200	1.437564
130	1.400755
140	1.394779
6800	1.433165
150	1.392303
2200	1.433390
160	1.400425
1700	1.434308
5800	1.432372
170	1.415899
1200	1.432960
180	1.410505
190	1.419560
4800	1.436951
200	1.418513
8400	1.433507
7800	1.434889
3800	1.433241
3300	1.431982
7400	1.435770
2800	1.435856
40	1.407719
2300	1.433629
6400	1.435587
260	1.410915
1800	1.430926
1300	1.436576
5400	1.434803
800	1.432030
4400	1.433400
3900	1.432652
320	1.417545
3400	1.435411
2700	1.433465
2900	1.432101
7000	1.431893
740	1.427798
860	1.434941
2400	1.433503
1900	1.430143
6000	1.434881
1400	1.433999
380	1.430576
9600	1.439009
8000	1.436340
5000	1.433632
920	1.429881
4000	1.432803
3500	1.435434
7600	1.436189
440	1.425620
2500	1.438967
6600	1.431105
2000	1.433914
980	1.429660
1500	1.433821
5600	1.432042
80	1.413860
1000	1.425650
9200	1.433136
680	1.426318
500	1.425408
4600	1.434377
