1	2.967082
2	2.862397
3	3.300619
4	4.190727
5	3.956844
6	5.019024
7	4.496297
8	5.202467
9	5.284488
10	4.810250
3600	7.409459
20	6.399989
3100	7.325016
30	7.959900
7200	7.071898
2600	10.643144
560	7.135865
50	7.852456
2100	7.146380
6200	7.727711
60	9.873059
1600	7.484761
70	8.770222
1100	7.532324
5200	8.556263
3000	7.407053
90	7.707958
8800	7.029407
100	9.564653
4200	7.015550
620	7.449405
110	10.452664
3700	7.189023
120	8.177646
3200	7.389092
130	6.692699
140	7.701417
6800	7.164940
150	7.104534
2200	6.789196
160	7.544526
1700	7.136025
5800	7.248494
170	7.896176
1200	7.487338
180	7.114744
190	8.020686
4800	7.288753
200	7.577448
8400	7.159225
7800	10.697113
3800	7.195941
3300	6.720816
7400	7.140350
2800	8.844794
40	6.285903
2300	7.012362
6400	7.226687
260	7.259941
1800	7.314336
1300	7.138369
5400	7.255607
800	7.466995
4400	7.220653
3900	7.165856
320	7.225718
3400	9.690062
2700	9.008235
2900	7.596809
7000	7.141721
740	7.214461
860	7.617810
2400	7.496444
1900	7.525281
6000	7.115535
1400	7.338285
380	7.524565
9600	7.160644
8000	12.626775
5000	7.302817
920	11.945340
4000	10.159580
3500	7.260063
7600	12.791404
440	7.541097
2500	7.261700
6600	10.318901
2000	7.142064
980	7.151207
1500	7.148647
5600	7.174195
80	7.406001
1000	7.507323
9200	6.027335
680	7.207348
500	7.237084
4600	7.141249
