1	2.761391
2	3.281651
3	4.552241
4	4.110431
5	4.750668
6	5.638047
7	5.828771
8	5.170237
9	5.330854
10	6.434360
3600	12.620614
20	9.326678
3100	15.352016
30	12.121936
7200	15.374287
2600	14.112277
560	19.938038
50	14.366115
2100	17.184405
6200	23.012046
60	22.436643
1600	20.082658
70	16.547380
1100	20.602779
5200	16.253450
3000	14.781570
90	16.753670
8800	15.659656
100	26.574490
4200	14.778133
620	20.038695
110	16.600027
3700	14.866621
120	18.290753
3200	15.015565
130	21.613231
140	18.003018
6800	15.464631
150	16.862732
2200	29.512050
160	16.699972
1700	19.585170
5800	15.145919
170	17.341996
1200	20.635513
180	17.184062
190	17.520620
4800	15.026010
200	17.323763
8400	15.645986
7800	20.702244
3800	14.759955
3300	19.193931
7400	15.700913
2800	19.209136
40	19.222761
2300	22.274811
6400	15.374284
260	18.331749
1800	19.108152
1300	20.697111
5400	15.208680
800	20.188823
4400	14.770297
3900	14.719891
320	18.924539
3400	16.878701
2700	23.101293
2900	15.223651
7000	15.494868
740	20.202184
860	20.424427
2400	16.790338
1900	18.638715
6000	15.367298
1400	20.362418
380	19.414090
9600	15.547700
8000	15.667327
5000	14.909449
920	19.572012
4000	14.644498
3500	12.710374
7600	20.675821
440	19.539509
2500	16.248296
6600	23.931554
2000	18.071447
980	19.689245
1500	20.346870
5600	9.446950
80	11.509745
1000	20.558789
9200	17.699162
680	20.199322
500	19.474809
4600	14.222947
