1	1.168790
2	1.302446
3	1.699088
4	1.262619
5	1.674124
6	1.545822
7	1.484741
8	1.485787
9	1.438353
10	1.566008
3600	1.977818
20	1.565517
3100	1.640800
30	1.519630
7200	1.645525
2600	1.635435
560	1.618219
50	1.624640
2100	1.627309
6200	1.643625
60	1.551806
1600	1.626864
70	1.674377
1100	1.622844
5200	1.825807
3000	1.638974
90	1.561926
8800	1.646388
100	1.320376
4200	1.614177
620	1.615880
110	1.393563
3700	1.646464
120	1.652127
3200	1.632932
130	1.517833
140	1.606671
6800	1.645143
150	1.608533
2200	1.633060
160	1.602408
1700	1.633735
5800	1.637892
170	1.616156
1200	1.622996
180	1.610022
190	1.615484
4800	1.641179
200	1.604100
8400	1.643179
7800	1.577532
3800	1.640437
3300	1.330940
7400	1.635530
2800	1.633803
40	1.574613
2300	1.523879
6400	1.416494
260	1.610615
1800	1.654989
1300	1.628186
5400	1.645817
800	1.624340
4400	1.637533
3900	1.278385
320	1.611731
3400	1.641950
2700	1.612066
2900	1.602955
7000	1.642779
740	1.618478
860	1.620272
2400	1.632319
1900	1.629267
6000	1.656828
1400	1.623676
380	1.620970
9600	1.648363
8000	1.648006
5000	1.643689
920	1.605010
4000	1.637026
3500	1.664352
7600	1.645711
440	1.614546
2500	1.635167
6600	1.645083
2000	1.628319
980	1.620741
1500	1.625574
5600	1.642747
80	1.629993
1000	1.623990
9200	1.358260
680	1.619294
500	1.615423
4600	1.636887
