1	2.617481
2	2.472210
3	3.267684
4	3.227260
5	3.237649
6	2.926441
7	3.856590
8	4.340742
9	4.048845
10	3.403938
3600	6.882688
20	4.457401
3100	4.434947
30	5.075354
7200	4.533336
2600	4.427592
560	6.079536
50	4.674932
2100	4.211167
6200	4.474651
60	4.850369
1600	4.564367
70	4.364375
1100	4.474970
5200	4.424625
3000	4.003739
90	5.077695
8800	4.494676
100	4.997473
4200	4.471368
620	4.601440
110	5.065521
3700	4.472664
120	4.788979
3200	4.402283
130	5.064961
140	4.919953
6800	4.412626
150	4.699318
2200	4.435293
160	4.578119
1700	3.943228
5800	4.469219
170	4.845671
1200	4.324206
180	4.699757
190	5.055567
4800	4.692536
200	4.663629
8400	4.532361
7800	4.558889
3800	6.921271
3300	4.490019
7400	4.479696
2800	4.399731
40	5.675169
2300	7.286469
6400	4.441082
260	4.680970
1800	4.536411
1300	4.567880
5400	4.413942
800	4.669467
4400	4.362608
3900	4.427139
320	4.494724
3400	4.547375
2700	4.482189
2900	4.920464
7000	4.485590
740	4.532659
860	4.537241
2400	6.865781
1900	4.328592
6000	6.110524
1400	4.556428
380	4.593215
9600	3.894393
8000	4.546281
5000	4.388114
920	4.586578
4000	4.382754
3500	7.616649
7600	4.503140
440	4.527127
2500	4.589233
6600	4.461189
2000	5.369009
980	4.538387
1500	4.547910
5600	4.485622
80	4.460363
1000	6.183129
9200	7.235289
680	4.712689
500	4.718734
4600	4.359970
