1	1.968371
2	2.396505
3	3.288039
4	3.248177
5	2.657148
6	4.291807
7	4.352555
8	4.609887
9	4.335738
10	5.014192
3600	7.742173
20	7.255398
3100	8.946190
30	8.083964
7200	9.063238
2600	9.822499
560	10.988179
50	8.846299
2100	9.674546
6200	8.936444
60	8.765195
1600	11.812603
70	13.275792
1100	9.984572
5200	8.835875
3000	11.942874
90	9.720053
8800	9.146026
100	10.375900
4200	8.681275
620	12.015332
110	10.018873
3700	8.683611
120	10.506467
3200	8.761711
130	10.317746
140	10.751451
6800	9.064166
150	9.946841
2200	10.586189
160	10.256782
1700	16.160833
5800	8.905586
170	10.233357
1200	11.867975
180	10.130632
190	10.132774
4800	7.186336
200	10.438970
8400	9.137045
7800	9.107108
3800	10.620820
3300	8.633771
7400	9.090150
2800	9.012021
40	8.701857
2300	10.012870
6400	9.041907
260	10.832752
1800	11.178997
1300	12.217959
5400	8.840193
800	12.480976
4400	8.661416
3900	8.553631
320	11.228403
3400	8.599649
2700	9.350658
2900	8.962569
7000	9.053627
740	11.260822
860	11.944965
2400	9.806224
1900	10.967849
6000	7.887200
1400	11.748192
380	11.161613
9600	10.764925
8000	9.099945
5000	8.776655
920	12.016022
4000	8.646717
3500	8.523022
7600	9.117869
440	11.500542
2500	8.368157
6600	8.680167
2000	11.650881
980	11.831398
1500	11.812557
5600	5.606115
80	9.622675
1000	17.141697
9200	7.926204
680	11.459470
500	8.274940
4600	8.276603
