1	1.437693
2	1.676772
3	1.693262
4	1.776088
5	2.029454
6	1.574452
7	1.522100
8	1.429481
9	1.493413
10	1.536646
3600	1.438615
20	1.496209
3100	1.622389
30	1.522452
7200	1.552522
2600	1.551246
560	1.685680
50	1.507476
2100	1.551695
6200	1.555708
60	1.509991
1600	1.551688
70	1.522119
1100	2.087139
5200	1.554277
3000	1.427363
90	1.529560
8800	1.551354
100	1.522659
4200	1.553793
620	1.651786
110	1.520729
3700	1.600558
120	1.528339
3200	1.557978
130	1.540551
140	1.528327
6800	1.552318
150	1.544163
2200	1.906052
160	1.536222
1700	1.542695
5800	1.552928
170	1.541093
1200	1.553323
180	1.533857
190	1.540513
4800	1.582953
200	1.538483
8400	1.550159
7800	1.552453
3800	1.554783
3300	1.563787
7400	1.552714
2800	1.554042
40	1.526526
2300	1.559246
6400	1.556840
260	1.542285
1800	1.554537
1300	1.554073
5400	1.552563
800	1.552127
4400	1.551192
3900	1.554557
320	1.581272
3400	1.557726
2700	1.549302
2900	1.308138
7000	1.573918
740	1.677863
860	1.549794
2400	1.555045
1900	1.581802
6000	1.775924
1400	1.551895
380	1.552398
9600	1.554598
8000	1.552848
5000	1.531785
920	1.549469
4000	1.556949
3500	1.545300
7600	1.553080
440	1.548771
2500	1.600319
6600	1.552395
2000	1.454673
980	1.548437
1500	1.555762
5600	1.504076
80	1.523529
1000	1.549482
9200	1.448528
680	1.733228
500	1.630385
4600	1.554476
