1	1.806468
2	1.826077
3	2.302878
4	2.715041
5	2.656730
6	3.001175
7	2.604221
8	3.087174
9	3.021368
10	3.130088
3600	4.772584
20	4.855166
3100	4.860155
30	4.748229
7200	4.696997
2600	4.848602
560	4.928474
50	4.547316
2100	4.945343
6200	4.771803
60	4.894806
1600	4.850286
70	4.832151
1100	4.958901
5200	4.496968
3000	4.846048
90	5.057306
8800	4.682705
100	4.738017
4200	4.806934
620	4.777009
110	4.817758
3700	4.799359
120	4.719280
3200	4.895118
130	5.111639
140	4.645784
6800	4.784400
150	4.756278
2200	5.044148
160	4.862276
1700	4.779269
5800	4.823563
170	5.215359
1200	4.798314
180	5.092928
190	5.393172
4800	5.121451
200	5.264282
8400	4.900669
7800	4.755412
3800	4.808394
3300	4.722016
7400	4.648992
2800	4.929104
40	5.008771
2300	4.999178
6400	4.851757
260	5.097022
1800	4.999601
1300	4.775363
5400	4.771124
800	4.971542
4400	4.807557
3900	5.128726
320	4.617608
3400	5.246329
2700	4.700275
2900	4.974984
7000	4.738690
740	4.809059
860	4.782033
2400	4.845794
1900	4.872491
6000	4.676948
1400	4.889013
380	5.289400
9600	4.795240
8000	4.926739
5000	4.729638
920	5.056350
4000	4.779226
3500	4.911662
7600	4.646948
440	5.240837
2500	4.764970
6600	4.790023
2000	5.050233
980	5.031943
1500	4.963414
5600	4.633148
80	4.999789
1000	4.903561
9200	4.767744
680	5.054680
500	4.737129
4600	4.780138
