1	1.480691
2	2.162147
3	2.251751
4	2.569175
5	2.658992
6	3.397533
7	3.250786
8	3.471373
9	3.095198
10	3.530488
3600	6.561748
20	4.771646
3100	6.802113
30	5.546072
7200	6.941995
2600	7.494826
560	8.734947
50	6.686320
2100	7.515505
6200	6.707516
60	6.906725
1600	9.083145
70	7.045523
1100	9.152893
5200	7.022091
3000	6.859950
90	7.574152
8800	6.947407
100	7.480259
4200	6.705517
620	9.157021
110	7.712818
3700	6.597752
120	7.870719
3200	6.646315
130	7.762358
140	7.825591
6800	6.868324
150	7.632317
2200	7.617902
160	7.671899
1700	8.750936
5800	6.766360
170	7.869254
1200	9.127012
180	7.616046
190	7.760784
4800	6.604703
200	8.002131
8400	6.935202
7800	6.944115
3800	6.629818
3300	6.786467
7400	6.953640
2800	6.809433
40	6.003408
2300	7.420668
6400	6.879817
260	8.260574
1800	8.522319
1300	9.888863
5400	6.740445
800	9.724695
4400	6.516836
3900	6.662982
320	8.670370
3400	6.195313
2700	7.039536
2900	6.820222
7000	6.941685
740	8.938690
860	9.142057
2400	7.443880
1900	8.328865
6000	6.729580
1400	9.071871
380	8.729722
9600	6.951475
8000	7.121822
5000	6.668466
920	9.100398
4000	6.413416
3500	6.474868
7600	6.888743
440	8.631008
2500	7.467646
6600	6.605805
2000	8.061973
980	8.966382
1500	9.002826
5600	4.065788
80	7.320837
1000	9.282017
9200	6.014264
680	9.445432
500	8.683794
4600	6.468142
