1	1.150342
2	1.384829
3	1.517947
4	1.440633
5	1.471119
6	1.444517
7	1.473502
8	1.328281
9	1.496642
10	1.472219
3600	1.500340
20	1.401261
3100	1.501961
30	1.386916
7200	1.492492
2600	1.497671
560	1.532168
50	1.441412
2100	1.499757
6200	1.549387
60	1.407381
1600	1.503126
70	1.517753
1100	1.501821
5200	1.504378
3000	1.502445
90	1.471519
8800	1.525156
100	1.483673
4200	1.509373
620	1.513688
110	1.441714
3700	1.500791
120	1.477526
3200	1.507999
130	1.471131
140	1.448876
6800	1.502190
150	1.449300
2200	1.514083
160	1.466902
1700	1.518305
5800	1.524099
170	1.528477
1200	1.495361
180	1.472820
190	1.480210
4800	1.468616
200	1.475829
8400	1.490943
7800	1.509012
3800	1.517649
3300	1.505984
7400	1.506297
2800	1.541899
40	1.452202
2300	1.512115
6400	1.469544
260	1.477219
1800	1.502832
1300	1.501653
5400	1.496355
800	1.533499
4400	1.503627
3900	1.529823
320	1.626459
3400	1.503148
2700	1.513409
2900	1.508913
7000	1.509724
740	1.508747
860	1.498950
2400	1.501820
1900	1.498443
6000	1.514067
1400	1.501617
380	1.486348
9600	1.510911
8000	1.508748
5000	1.501838
920	1.516028
4000	1.489636
3500	1.494110
7600	1.498073
440	1.492968
2500	1.515696
6600	1.494119
2000	1.502463
980	1.477101
1500	1.496210
5600	1.531011
80	1.480721
1000	1.529727
9200	1.514957
680	1.507893
500	1.495403
4600	1.513456
